

Results from query to  NASA/IPAC Extragalactic Database (NED),
which is funded by the National Aeronautics and Space Administration.
and operated by the California Institute of Technology.


queryDateTime:2023-01-21T11:05:04PST



Main Information Table for All Sky, chosen by params



Equinox:J2000.0



CoordSystem:Equatorial

No.|Object Name|RA|DEC|Type|Velocity|Redshift|Redshift Flag|Magnitude and Filter|Separation|References|Notes|Photometry Points|Positions|Redshift Points|Diameter Points|Associations
1|HSCS J092002-000335|140.00631 |  -0.05977 |GClstr|245680| 0.819500 |PHOT|     |  0.000|1|0|0|1|1|0|0
2|SDSSCGB 07375|140.11375 |  -0.04233 |GGroup||||18.22|  0.000|1|0|0|1|0|0|0
3|KDR2 J092055.9-000400|140.23319 |  -0.06800 |GClstr|157034| 0.523810 |SPEC|     |  0.000|2|0|0|2|3|0|0
4|WHL J092127.1-000818|140.36305 |  -0.13841 |GClstr| 93415| 0.311600 |SPEC|     |  0.000|3|0|0|3|4|0|0
5|HSCS J092216-000712|140.56637 |  -0.11995 |GClstr|237915| 0.793600 |PHOT|     |  0.000|1|0|0|1|1|0|0
6|HSCS J092401-000605|141.00453 |  -0.10135 |GClstr| 71501| 0.238500 |PHOT|     |  0.000|1|0|0|1|1|0|0
7|KDR2 J092404.6-000640|141.01900 |  -0.11100 |GClstr| 68952| 0.230000 |PHOT|     |  0.000|1|0|0|1|1|0|0
8|SDSSCGB 03486|141.02167 |  -0.11733 |GGroup||||18.25|  0.000|1|0|0|1|0|0|0
9|NSC J092408-000554|141.03408 |  -0.09858 |GClstr| 90897| 0.303200 |PHOT|     |  0.000|4|0|0|1|3|0|0
10|WHL J092408.8-000607|141.03687 |  -0.10193 |GClstr| 67474| 0.225070 |SPEC|     |  0.000|3|0|0|3|5|0|0
11|NSC J092413-000616|141.05739 |  -0.10454 |GClstr| 89998| 0.300200 |PHOT|     |  0.000|1|0|0|1|1|0|0
12|[FAC2011] CL_0107|141.19394 |  -0.08729 |GClstr|144194| 0.480980 |AVG |     |  0.000|1|0|0|1|2|0|0
13|KDR2 J092451.6-000537|141.21500 |  -0.09400 |GClstr|158890| 0.530000 |PHOT|     |  0.000|1|0|0|1|1|0|0
14|WHL J092457.0-000634|141.23732 |  -0.10952 |GClstr|129301| 0.431300 |PHOT|     |  0.000|2|0|0|2|2|0|0
15|WHL J092554.5-000515|141.47708 |  -0.08750 |GClstr|101123| 0.337311 |PHOT|     |  0.000|8|0|0|6|8|0|0
16|GMBCG J141.93926-00.10853|141.93926 |  -0.10853 |GClstr| 83043| 0.277000 |PHOT|     |  0.000|1|0|0|1|1|0|0
17|[FAC2011] CL_0185|141.97723 |  -0.13811 |GClstr|136966| 0.456870 |AVG |     |  0.000|1|0|0|1|2|0|0
18|SDSSCGB 40497|142.41292 |  -0.06117 |GGroup||||17.87|  0.000|1|0|0|1|0|0|0
19|SDSSCGB 03860|143.72542 |  -0.12264 |GGroup||||18.64|  0.000|1|0|0|1|0|0|0
20|WHL J093532.5-000817|143.88542 |  -0.13806 |GClstr|128851| 0.429800 |PHOT|     |  0.000|1|0|0|1|1|0|0
21|WHL J093543.9-000335|143.93306 |  -0.05967 |GClstr|102078| 0.340497 |PHOT|     |  0.000|4|0|0|3|4|0|0
22|WHL J093546.8-000251|143.94500 |  -0.04750 |GClstr|102619| 0.342300 |PHOT|     |  0.000|1|0|0|1|1|0|0
23|SDSSCGB 57918|144.15542 |  -0.12094 |GGroup||||19.79|  0.000|1|0|0|1|0|0|0
24|SDSSCGB 41125|145.33417 |  -0.13347 |GGroup||||18.26|  0.000|1|0|0|1|0|0|0
25|MaxBCG J145.73719-00.06102|145.73719 |  -0.06102 |GClstr| 38868| 0.129650 |PHOT|     |  0.000|2|0|0|1|1|0|0
26|SDSS CE J145.792496-00.090379 |145.79250 |  -0.09028 |GClstr| 45540| 0.151904 |EST |     |  0.000|1|0|0|1|1|0|0
27|SDSSCGB 57661|145.82833 |  -0.07078 |GGroup||||19.53|  0.000|1|0|0|1|0|0|0
28|SDSS CE J145.840363-00.117348 |145.84042 |  -0.11722 |GClstr| 45540| 0.151904 |EST |     |  0.000|1|0|0|1|1|0|0
29|SDSSCGB 14121|146.05750 |  -0.06936 |GGroup||||17.94|  0.000|1|0|0|1|0|0|0
30|SDSSCGB 73389|146.81292 |  -0.05850 |GGroup||||18.83|  0.000|1|0|0|1|0|0|0
31|SDSS CE J146.908585-00.073201 |146.90875 |  -0.07333 |GClstr| 72610| 0.242200 |SPEC|     |  0.000|3|0|0|3|4|0|0
32|SDSS CE J146.924713-00.104941 |146.92458 |  -0.10500 |GClstr| 76153| 0.254019 |EST |     |  0.000|1|0|0|1|1|0|0
33|WHL J094926.2-000555|147.35909 |  -0.09856 |GClstr| 84392| 0.281500 |PHOT|     |  0.000|2|0|0|2|2|0|0
34|SDSS CE J147.389389-00.086886 |147.38958 |  -0.08694 |GClstr| 93161| 0.310750 |EST |     |  0.000|1|0|0|1|1|0|0
35|SDSS CE J147.715103-00.087265 |147.71500 |  -0.08722 |GClstr|103365| 0.344788 |EST |     |  0.000|1|0|0|1|1|0|0
36|SDSS CE J147.965805-00.050108 |147.96583 |  -0.05000 |GClstr||||     |  0.000|1|0|0|1|0|0|0
37|GMBCG J148.34661-00.06897|148.34661 |  -0.06897 |GClstr| 99831| 0.333000 |PHOT|     |  0.000|1|0|0|1|1|0|0
38|MSPM 04892|148.84260 |  -0.07870 |GClstr| 25533| 0.085170 |MUN |     |  0.000|1|0|0|1|1|0|0
39|Mr20:[BFW2006] 01640|148.87824 |  -0.11179 |GGroup| 24835| 0.082840 |MUN |     |  0.000|1|0|0|1|1|0|0
40|SDSS CE J148.909393-00.095364 |148.90958 |  -0.09528 |GClstr| 65949| 0.219981 |EST |     |  0.000|1|0|0|1|1|0|0
41|WHL J095548.9-000550|148.95367 |  -0.09712 |GClstr| 25572| 0.085300 |SPEC|     |  0.000|2|0|0|2|3|0|0
42|MZ 06352|149.76857 |  -0.13675 |GGroup| 50098| 0.167109 |UUN |     |  0.000|1|0|0|1|1|0|0
43|GMBCG J149.80716-00.12433|149.80716 |  -0.12433 |GClstr| 54262| 0.181000 |PHOT|     |  0.000|1|0|0|1|1|0|0
44|SDSS CE J149.808975-00.110067 |149.80917 |  -0.11000 |GClstr| 52343| 0.174596 |EST |     |  0.000|1|0|0|1|1|0|0
45|Mr20:[BFW2006] 01644|149.81703 |  -0.12585 |GGroup| 13907| 0.046390 |MUN |     |  0.000|1|0|0|1|1|0|0
46|SDSS CE J150.105820-00.116174 |150.10583 |  -0.11611 |GClstr|103365| 0.344788 |EST |     |  0.000|1|0|0|1|1|0|0
47|SDSSCGB 07209|150.11750 |  -0.13175 |GGroup||||17.92|  0.000|1|0|0|1|0|0|0
48|WHL J100034.6-000417|150.14430 |  -0.07145 |GClstr|203679| 0.679400 |PHOT|     |  0.000|2|0|0|2|2|0|0
49|SDSS CE J150.152374-00.044677 |150.15250 |  -0.04472 |GClstr|117219| 0.391000 |PHOT|     |  0.000|2|0|0|1|2|0|0
50|WHL J100041.3-000452|150.17194 |  -0.08116 |GClstr| 91437| 0.305000 |SPEC|     |  0.000|2|0|0|2|3|0|0
51|SDSS CE J150.181259-00.083197 |150.18125 |  -0.08333 |GClstr|116971| 0.390173 |EST |     |  0.000|1|0|0|1|1|0|0
52|SDSS CE J150.228455-00.110334 |150.22833 |  -0.11028 |GClstr|113569| 0.378827 |EST |     |  0.000|1|0|0|1|1|0|0
53|PM2GC GR1006|150.25180 |  -0.12960 |GGroup| 13551| 0.045200 |MST |     |  0.000|2|0|0|2|2|0|0
54|NSC J100105-000522|150.27139 |  -0.08969 |GClstr|  9024| 0.030100 |PHOT|     |  0.000|1|0|0|1|1|0|0
55|MZ 06289|150.27257 |  -0.13499 |GGroup| 27139| 0.090526 |UUN |     |  0.000|1|0|0|1|1|0|0
56|WHL J100109.5-000446|150.28978 |  -0.07951 |GClstr| 13221| 0.044100 |SPEC|     |  0.000|2|0|0|2|3|0|0
57|SDSS CE J150.290543-00.062460 |150.29042 |  -0.06250 |GClstr| 35335| 0.117865 |EST |     |  0.000|2|0|0|1|1|0|0
58|ABELL 0912|150.29064 |  -0.10770 |GClstr| 13371| 0.044600 |UUN |15.9J|  0.000|46|0|0|3|4|0|0
59|NSC J100111-000713|150.29705 |  -0.12040 |GClstr| 11932| 0.039800 |PHOT|     |  0.000|1|0|0|1|1|0|0
60|WHL J100111.3-000800|150.29708 |  -0.13333 |GGroup| 30609| 0.102100 |PHOT|     |  0.000|2|0|0|1|2|0|0
61|[EKL2017] ECO 5316|151.22100 |  -0.05820 |GGroup|  6264| 0.020896 |AVG |     |  0.000|1|0|0|1|1|0|0
62|[B2003] 02|151.45000 |  -0.07000 |GClstr||||     |  0.000|1|0|0|1|0|0|0
63|SDSSCG 013|152.15400 |  -0.07430 |GGroup| 55282| 0.184400 |    |     |  0.000|1|0|0|1|1|0|0
64|SDSS CE J152.157166-00.076935 |152.15708 |  -0.07694 |GClstr| 65949| 0.219981 |EST |     |  0.000|1|0|0|1|1|0|0
65|SDSS CE J152.219269-00.048964 |152.21917 |  -0.04889 |GClstr| 45540| 0.151904 |EST |     |  0.000|1|0|0|1|1|0|0
66|[FAC2011] CL_0249|152.24228 |  -0.04922 |GClstr|126342| 0.421430 |AVG |     |  0.000|1|0|0|1|2|0|0
67|SDSSCGB 36337|152.35708 |  -0.12547 |GGroup| 28480| 0.095000 |SST |16.69|  0.000|1|0|0|1|1|0|0
68|WHL J100947.1-000651|152.44609 |  -0.11406 |GClstr|125883| 0.419900 |SPEC|     |  0.000|2|0|0|2|3|0|0
69|GMBCG J152.46735-00.11190|152.46735 |  -0.11190 |GClstr|123814| 0.413000 |PHOT|     |  0.000|1|0|0|1|1|0|0
70|[FAC2011] CL_0192|152.54247 |  -0.09410 |GClstr|152714| 0.509400 |AVG |     |  0.000|1|0|0|1|2|0|0
71|SDSSCGB 68621|152.55458 |  -0.09289 |GGroup||||19.67|  0.000|1|0|0|1|0|0|0
72|WHL J101015.6-000627|152.56485 |  -0.10751 |GClstr|154123| 0.514100 |SPEC|     |  0.000|2|0|0|2|3|0|0
73|SDSS CE J152.656250-00.052230 |152.65625 |  -0.05222 |GClstr|127175| 0.424211 |EST |     |  0.000|1|0|0|1|1|0|0
74|[BMA2003] 304|152.80400 |  -0.06600 |GClstr| 18287| 0.061000 |EST |     |  0.000|1|0|0|1|1|0|0
75|WHL J101127.0-000258|152.86243 |  -0.04942 |GClstr|153434| 0.511800 |SPEC|     |  0.000|2|0|0|2|3|0|0
76|WBL 256|152.86575 |  -0.06371 |GGroup| 10055| 0.033540 |    |     |  0.000|1|0|0|1|1|0|0
77|WHL J101131.5-000305|152.88125 |  -0.05139 |GClstr|144980| 0.483600 |PHOT|     |  0.000|1|0|0|1|1|0|0
78|PM2GC GR1057|152.97270 |  -0.09050 |GGroup| 28570| 0.095300 |MST |     |  0.000|2|0|0|2|2|0|0
79|PM2GC GR1216|153.14010 |  -0.11700 |GGroup| 28660| 0.095600 |MST |     |  0.000|2|0|0|2|2|0|0
80|[FAC2011] CL_0093|153.38262 |  -0.12698 |GClstr|167269| 0.557950 |AVG |     |  0.000|1|0|0|1|2|0|0
81|PM2GC GR1033|153.43500 |  -0.11760 |GGroup| 28333| 0.094510 |PHOT|     |  0.000|5|0|0|3|3|0|0
82|ABELL 0954|153.43667 |  -0.10861 |GClstr| 28390| 0.094700 |UUN |16.5J|  0.000|44|0|1|10|11|0|0
83|SDSS-C4 1064|153.43707 |  -0.12022 |GClstr| 27881| 0.093000 |SPEC|     |  0.000|6|0|0|3|4|0|0
84|WHL J101344.9-000713|153.43707 |  -0.12022 |GClstr| 27761| 0.092600 |SPEC|     |  0.000|5|0|0|3|5|0|0
85|Mr20:[BFW2006] 01657|153.45495 |  -0.10849 |GGroup| 28282| 0.094340 |MUN |     |  0.000|1|0|0|1|1|0|0
86|NSC J101349-000753|153.45719 |  -0.13144 |GClstr| 27461| 0.091600 |PHOT|     |  0.000|1|0|0|1|1|0|0
87|MSPM 04466|153.47300 |  -0.09410 |GClstr| 27356| 0.091250 |MUN |     |  0.000|1|0|0|1|1|0|0
88|Mr20:[BFW2006] 01658|153.49402 |  -0.08955 |GGroup| 26963| 0.089940 |MUN |     |  0.000|1|0|0|1|1|0|0
89|WHL J101423.6-000440|153.59836 |  -0.07770 |GClstr| 61278| 0.204400 |SPEC|     |  0.000|2|0|0|2|3|0|0
90|GMBCG J153.74364-00.07359|153.74364 |  -0.07359 |GClstr| 54862| 0.183000 |PHOT|     |  0.000|1|0|0|1|1|0|0
91|SDSS CE J153.754761-00.071167 |153.75458 |  -0.07111 |GClstr| 56676| 0.189050 |PHOT|     |  0.000|3|0|0|1|2|0|0
92|GMBCG J153.90042-00.12998|153.90042 |  -0.12998 |GClstr|108225| 0.361000 |PHOT|     |  0.000|1|0|0|1|1|0|0
93|SDSS CE J153.956329-00.049898 |153.95625 |  -0.05000 |GClstr| 48941| 0.163250 |EST |     |  0.000|1|0|0|1|1|0|0
94|PM2GC GR1049|154.10150 |  -0.09620 |GGroup| 28300| 0.094400 |MST |     |  0.000|2|0|0|2|2|0|0
95|SDSS CE J154.111069-00.077268 |154.11125 |  -0.07722 |GClstr|116971| 0.390173 |EST |     |  0.000|1|0|0|1|1|0|0
96|GMBCG J154.12973-00.05791|154.12973 |  -0.05790 |GClstr| 96233| 0.321000 |PHOT|     |  0.000|1|0|0|1|1|0|0
97|MSPM 03735|154.37610 |  -0.10090 |GClstr| 19073| 0.063620 |MUN |     |  0.000|1|0|0|1|1|0|0
98|WHL J101743.1-000405|154.42958 |  -0.06806 |GClstr| 32168| 0.107300 |PHOT|     |  0.000|1|0|0|1|1|0|0
99|PM2GC GR1004|154.43080 |  -0.07720 |GGroup| 18947| 0.063200 |MST |     |  0.000|2|0|0|2|2|0|0
100|NSC J101749-000240|154.45604 |  -0.04448 |GClstr| 18797| 0.062700 |PHOT|     |  0.000|1|0|0|1|1|0|0
101|Mr19:[BFW2006] 00747|154.48913 |  -0.07566 |GGroup| 18857| 0.062900 |MUN |     |  0.000|1|0|0|1|1|0|0
102|[VPJ2018] Group|154.49272 |  -0.07237 |GGroup| 19064| 0.063590 |SST |     |  0.000|1|0|0|1|1|0|0
103|PM2GC GR1090|154.70340 |  -0.13170 |GGroup| 28031| 0.093500 |MST |     |  0.000|2|0|0|2|2|0|0
104|WHL J101925.2-000626|154.85516 |  -0.10710 |GClstr|153524| 0.512100 |SPEC|     |  0.000|2|0|0|2|3|0|0
105|WHL J101925.4-000420|154.85570 |  -0.07220 |GClstr|199782| 0.666400 |PHOT|     |  0.000|2|0|0|2|2|0|0
106|SDSSCGA 01311|155.53250 |  -0.06572 |GGroup| 21285| 0.071000 |SST |16.75|  0.000|2|0|0|2|1|0|0
107|PM2GC GR1101|155.54450 |  -0.05480 |GGroup| 21435| 0.071500 |MST |     |  0.000|2|0|0|2|2|0|0
108|SDSS CE J155.708923-00.050793 |155.70708 |  -0.05222 |GClstr| 94530| 0.315318 |PHOT|     |  0.000|8|0|0|4|7|0|0
109|WHL J102541.3-000540|156.42203 |  -0.09437 |GClstr|135896| 0.453300 |SPEC|     |  0.000|2|0|0|2|3|0|0
110|SDSS CE J156.810135-00.043991 |156.81000 |  -0.04389 |GClstr| 96562| 0.322096 |EST |     |  0.000|1|0|0|1|1|0|0
111|SDSS CE J157.461487-00.118144 |157.46167 |  -0.11806 |GClstr| 59145| 0.197288 |EST |     |  0.000|1|0|0|1|1|0|0
112|WHL J102955.4-000457|157.48070 |  -0.08248 |GClstr| 54892| 0.183100 |SPEC|     |  0.000|2|0|0|2|3|0|0
113|PM2GC GR1147|157.68590 |  -0.11300 |GGroup| 27971| 0.093300 |MST |     |  0.000|2|0|0|2|2|0|0
114|MSPM 06257|157.76240 |  -0.08910 |GClstr| 28091| 0.093700 |MUN |     |  0.000|1|0|0|1|1|0|0
115|SDSS CE J158.912628-00.046965 |158.91250 |  -0.04694 |GClstr|113569| 0.378827 |EST |     |  0.000|1|0|0|1|1|0|0
116|PM2GC GR1194|158.91890 |  -0.04210 |GGroup| 24943| 0.083200 |MST |     |  0.000|2|0|0|2|2|0|0
117|[FAC2011] CL_0230|158.92935 |  -0.09186 |GClstr|144806| 0.483020 |AVG |     |  0.000|1|0|0|1|2|0|0
118|WHL J103549.2-000448|158.95512 |  -0.08013 |GClstr|144260| 0.481200 |SPEC|     |  0.000|2|0|0|2|3|0|0
119|[EKL2017] ECO 7250|159.30900 |  -0.08730 |GGroup|  6191| 0.020650 |AVG |     |  0.000|1|0|0|1|1|0|0
120|OC03 J1037-0007|159.34392 |  -0.13306 |GClstr|149896| 0.500000 |EST |     |  0.000|1|0|0|1|1|0|0
121|SDSSCGB 07057|159.52833 |  -0.05558 |GGroup||||18.60|  0.000|1|0|0|1|0|0|0
122|SDSSCGB 24559|160.51458 |  -0.06917 |GGroup||||20.22|  0.000|1|0|0|1|0|0|0
123|WHL J104212.1-000747|160.55060 |  -0.12980 |GClstr|165006| 0.550400 |SPEC|     |  0.000|2|0|0|2|3|0|0
124|SDSSCGB 25562|160.59667 |  -0.13825 |GGroup| 41371| 0.138000 |SST |16.16|  0.000|1|0|0|1|1|0|0
125|SDSS CE J160.897583-00.131408 |160.88542 |  -0.13111 |GClstr|119055| 0.397124 |PHOT|     |  0.000|8|0|0|4|7|0|0
126|SDSS CE J160.933167-00.066099 |160.93333 |  -0.06611 |GClstr| 38736| 0.129211 |EST |     |  0.000|1|0|0|1|1|0|0
127|SDSS CE J161.145920-00.070687 |161.13158 |  -0.05266 |GClstr| 65949| 0.219981 |EST |     |  0.000|2|0|0|1|1|0|0
128|[FAC2011] CL_0056|161.13668 |  -0.08683 |GClstr|184187| 0.614380 |AVG |     |  0.000|1|0|0|1|2|0|0
129|SDSS CE J161.225204-00.124122 |161.22500 |  -0.12417 |GClstr| 89759| 0.299404 |EST |     |  0.000|2|0|0|1|1|0|0
130|SDSS CE J161.254608-00.078380 |161.25458 |  -0.07833 |GClstr| 89759| 0.299404 |EST |     |  0.000|1|0|0|1|1|0|0
131|WHL J104504.6-000513|161.26897 |  -0.08686 |GClstr| 90537| 0.302000 |PHOT|     |  0.000|2|0|0|2|2|0|0
132|WHL J104505.7-000633|161.27375 |  -0.10917 |GClstr| 77346| 0.258000 |PHOT|     |  0.000|3|0|0|1|2|0|0
133|WHL J104556.7-000647|161.48625 |  -0.11306 |GClstr|137725| 0.459400 |PHOT|     |  0.000|1|0|0|1|1|0|0
134|GMBCG J161.56246-00.05953|161.56246 |  -0.05953 |GClstr|146299| 0.488000 |PHOT|     |  0.000|1|0|0|1|1|0|0
135|GMBCG J161.60029-00.10460|161.60029 |  -0.10460 |GClstr|120217| 0.401000 |PHOT|     |  0.000|1|0|0|1|1|0|0
136|WHL J104624.5-000508|161.60208 |  -0.08556 |GClstr|137275| 0.457900 |PHOT|     |  0.000|1|0|0|1|1|0|0
137|SDSS CE J161.704376-00.116912 |161.70458 |  -0.11694 |GClstr| 94734| 0.316000 |PHOT|     |  0.000|2|0|0|1|2|0|0
138|SDSSCGB 05137|161.70625 |  -0.11681 |GGroup||||18.99|  0.000|1|0|0|1|0|0|0
139|SDSSCGB 19864|161.72042 |  -0.08289 |GGroup||||19.00|  0.000|1|0|0|1|0|0|0
140|PM2GC GR1037|161.76075 |  -0.09058 |GTrpl| 11848| 0.039520 |MUN |     |  0.000|4|0|0|4|3|0|0
141|GMBCG J161.80205-00.13846|161.80205 |  -0.13846 |GClstr| 96233| 0.321000 |PHOT|     |  0.000|1|0|0|1|1|0|0
142|WHL J104916.5-000559|162.31892 |  -0.09972 |GClstr|175229| 0.584500 |SPEC|     |  0.000|2|0|0|2|3|0|0
143|MSPM 02988|162.31970 |  -0.05670 |GClstr| 22332| 0.074490 |MUN |     |  0.000|1|0|0|1|1|0|0
144|PM2GC GR1124|162.32420 |  -0.06340 |GGroup| 22754| 0.075900 |MST |     |  0.000|2|0|0|2|2|0|0
145|NSC J104918-000647|162.32525 |  -0.11320 |GClstr| 35885| 0.119700 |PHOT|     |  0.000|1|0|0|1|1|0|0
146|SDSS CE J162.340088-00.109778 |162.34000 |  -0.10972 |GClstr| 45540| 0.151904 |EST |     |  0.000|1|0|0|1|1|0|0
147|WHL J104926.5-000348|162.36028 |  -0.06323 |GClstr|134457| 0.448500 |SPEC|     |  0.000|3|0|0|3|4|0|0
148|SDSSCGB 33359|162.46042 |  -0.12539 |GGroup||||18.54|  0.000|1|0|0|1|0|0|0
149|WHL J105113.5-000649|162.80641 |  -0.11362 |GClstr| 44309| 0.147800 |SPEC|     |  0.000|2|0|0|2|3|0|0
150|PM2GC GR1108|162.89790 |  -0.12740 |GGroup| 27041| 0.090200 |MST |     |  0.000|2|0|0|2|2|0|0
151|WHL J105316.4-000727|163.31837 |  -0.12418 |GClstr|207606| 0.692500 |SPEC|     |  0.000|2|0|0|2|3|0|0
152|PM2GC GR1035|164.19270 |  -0.07650 |GGroup| 24823| 0.082800 |MST |     |  0.000|2|0|0|2|2|0|0
153|SDSSCGB 66874|164.78833 |  -0.06939 |GGroup| 22784| 0.076000 |SST |16.39|  0.000|1|0|0|1|1|0|0
154|SDSS CE J164.869614-00.111694 |164.86875 |  -0.11444 |GClstr| 77646| 0.259000 |PHOT|     |  0.000|3|0|0|1|3|0|0
155|GMBCG J164.98245-00.12531|164.98245 |  -0.12531 |GClstr| 83043| 0.277000 |PHOT|     |  0.000|1|0|0|1|1|0|0
156|SDSS CE J164.992493-00.127446 |164.99250 |  -0.12750 |GClstr|113569| 0.378827 |EST |     |  0.000|1|0|0|1|1|0|0
157|WHL J105958.6-000816|164.99426 |  -0.13775 |GClstr| 67243| 0.224300 |PHOT|     |  0.000|2|0|0|2|2|0|0
158|WHL J110015.7-000759|165.06542 |  -0.13306 |GClstr|130949| 0.436800 |PHOT|     |  0.000|1|0|0|1|1|0|0
159|SDSS CE J165.069489-00.111836 |165.06958 |  -0.11194 |GClstr|110324| 0.368000 |PHOT|     |  0.000|2|0|0|1|2|0|0
160|[FAC2011] CL_0120|165.08456 |  -0.12929 |GClstr|149566| 0.498900 |AVG |     |  0.000|1|0|0|1|2|0|0
161|SDSS CE J165.504349-00.072858 |165.50417 |  -0.07278 |GClstr|116971| 0.390173 |EST |     |  0.000|1|0|0|1|1|0|0
162|SDSS CE J165.581757-00.127916 |165.58167 |  -0.12778 |GClstr| 86940| 0.290000 |PHOT|     |  0.000|2|0|0|1|2|0|0
163|SDSSCGB 03285|165.68000 |  -0.09761 |GGroup||||18.49|  0.000|1|0|0|1|0|0|0
164|GMBCG J165.68069-00.09559|165.68069 |  -0.09559 |GClstr| 80644| 0.269000 |PHOT|     |  0.000|1|0|0|1|1|0|0
165|[BMA2003] 361|165.72200 |  -0.04200 |GClstr| 96833| 0.323000 |EST |     |  0.000|1|0|0|1|1|0|0
166|[BMA2003] 362|165.90100 |  -0.13700 |GClstr|102529| 0.342000 |EST |     |  0.000|1|0|0|1|1|0|0
167|GMBCG J166.02065-00.12527|166.02065 |  -0.12527 |GClstr|134007| 0.447000 |PHOT|     |  0.000|1|0|0|1|1|0|0
168|PGC1 0135771 GROUP|166.42094 |  -0.10025 |GGroup|  6361| 0.021217 |AVG |     |  0.000|2|0|0|2|1|0|0
169|SDSS CE J166.472778-00.109674 |166.47292 |  -0.10972 |GClstr||||     |  0.000|1|0|0|1|0|0|0
170|[M98j] 112|166.91571 |  -0.07082 |GGroup|   928| 0.003095 |    |     |  0.000|1|0|0|1|1|0|0
171|MSPM 03928|166.95050 |  -0.11730 |GClstr| 20122| 0.067120 |MUN |     |  0.000|1|0|0|1|1|0|0
172|WHL J110837.4-000253|167.15573 |  -0.04794 |GClstr|151905| 0.506700 |SPEC|     |  0.000|2|0|0|2|3|0|0
173|SDSS CE J167.232651-00.133961 |167.23250 |  -0.13389 |GClstr| 25131| 0.083827 |EST |     |  0.000|2|0|0|1|1|0|0
174|PM2GC GR1116|167.25170 |  -0.12500 |GGroup| 21405| 0.071400 |MST |     |  0.000|2|0|0|2|2|0|0
175|Mr20:[BFW2006] 01704|167.27482 |  -0.12135 |GGroup| 26631| 0.088830 |MUN |     |  0.000|1|0|0|1|1|0|0
176|SDSS CE J167.294785-00.102257 |167.29458 |  -0.10222 |GClstr|116971| 0.390173 |EST |     |  0.000|1|0|0|1|1|0|0
177|SDSSCGB 69106|167.30208 |  -0.09672 |GGroup||||20.17|  0.000|1|0|0|1|0|0|0
178|[EKL2017] ECO 8010|167.35500 |  -0.09810 |GGroup|  3670| 0.012243 |AVG |     |  0.000|1|0|0|1|1|0|0
179|WHL J110944.0-000331|167.43336 |  -0.05857 |GClstr|161198| 0.537700 |SPEC|     |  0.000|2|0|0|2|3|0|0
180|MSPM 05415|167.54190 |  -0.04390 |GClstr| 27782| 0.092670 |MUN |     |  0.000|1|0|0|1|1|0|0
181|SDSSCGB 67652|167.70125 |  -0.08000 |GGroup||||19.35|  0.000|1|0|0|1|0|0|0
182|SDSSCGB 36070|167.74792 |  -0.04458 |GGroup||||18.70|  0.000|1|0|0|1|0|0|0
183|GMBCG J167.82617-00.04313|167.82617 |  -0.04313 |GClstr|122615| 0.409000 |PHOT|     |  0.000|1|0|0|1|1|0|0
184|WHL J111256.5-000819|168.23542 |  -0.13861 |GClstr|126213| 0.421000 |PHOT|     |  0.000|2|0|0|1|2|0|0
185|WHL J111302.3-000743|168.25951 |  -0.12851 |GClstr|135416| 0.451700 |SPEC|     |  0.000|2|0|0|2|3|0|0
186|RM J111302.3-000742.6|168.25951 |  -0.12851 |GClstr|141010| 0.470359 |PHOT|     |  0.000|2|0|0|1|1|0|0
187|SDSS CE J168.337036-00.136496 |168.33708 |  -0.13639 |GClstr| 89759| 0.299404 |EST |     |  0.000|1|0|0|1|1|0|0
188|MSPM 00890|168.34060 |  -0.05650 |GClstr| 11710| 0.039060 |MUN |     |  0.000|1|0|0|1|1|0|0
189|SDSSCGB 63683|168.50167 |  -0.12669 |GGroup||||20.19|  0.000|1|0|0|1|0|0|0
190|PM2GC GR1065|168.83970 |  -0.12130 |GGroup| 23204| 0.077400 |MST |     |  0.000|2|0|0|2|2|0|0
191|SDSS CE J169.004013-00.062357 |169.00417 |  -0.06222 |GClstr|113569| 0.378827 |EST |     |  0.000|1|0|0|1|1|0|0
192|PM2GC GR1213|169.07470 |  -0.07790 |GGroup| 30099| 0.100400 |MST |     |  0.000|2|0|0|2|2|0|0
193|WHL J111628.8-000806|169.12003 |  -0.13501 |GClstr|163417| 0.545100 |SPEC|     |  0.000|2|0|0|2|3|0|0
194|SDSS CE J169.202316-00.097003 |169.20250 |  -0.09694 |GClstr| 96562| 0.322096 |EST |     |  0.000|1|0|0|1|1|0|0
195|SDSSCGB 72763|169.22583 |  -0.08806 |GGroup|162308| 0.541400 |SPEC|20.39|  0.000|3|0|0|3|3|0|0
196|SDSS CE J169.357483-00.097077 |169.35750 |  -0.09694 |GClstr|113569| 0.378827 |EST |     |  0.000|1|0|0|1|1|0|0
197|GMBCG J169.36706-00.11792|169.36706 |  -0.11792 |GClstr|125613| 0.419000 |PHOT|     |  0.000|1|0|0|1|1|0|0
198|SDSS CE J169.621475-00.105242 |169.62167 |  -0.10528 |GClstr| 76153| 0.254019 |EST |     |  0.000|1|0|0|1|1|0|0
199|SDSSCGB 04607|169.62917 |  -0.10719 |GGroup| 29979| 0.100000 |SST |17.21|  0.000|2|0|0|1|1|0|0
200|PM2GC GR1062|169.63840 |  -0.11820 |GGroup| 30069| 0.100300 |MST |     |  0.000|2|0|0|2|2|0|0
201|SDSSCGB 29350|169.87667 |  -0.09792 |GGroup| 30879| 0.103000 |SST |16.40|  0.000|1|0|0|1|1|0|0
202|SDSSCGB 43229|170.43375 |  -0.10603 |GGroup||||18.19|  0.000|1|0|0|1|0|0|0
203|WHL J112211.1-000416|170.54631 |  -0.07121 |GClstr|127442| 0.425100 |SPEC|     |  0.000|2|0|0|2|3|0|0
204|PM2GC GR1088|170.57560 |  -0.09760 |GGroup| 28510| 0.095100 |MST |     |  0.000|2|0|0|2|2|0|0
205|SDSS CE J170.784668-00.049256 |170.79208 |  -0.05389 |GClstr|120786| 0.402900 |PHOT|     |  0.000|2|0|0|1|2|0|0
206|SDSSCGB 49610|170.94875 |  -0.10236 |GGroup||||18.99|  0.000|1|0|0|1|0|0|0
207|SDSSCGB 56734|170.97292 |  -0.08428 |GGroup| 43470| 0.145000 |SST |17.34|  0.000|1|0|0|1|1|0|0
208|SDSS CE J171.035507-00.054870 |171.03542 |  -0.05500 |GClstr|106766| 0.356134 |EST |     |  0.000|1|0|0|1|1|0|0
209|SDSS CE J171.094452-00.105951 |171.09458 |  -0.10583 |GClstr|110168| 0.367481 |EST |     |  0.000|1|0|0|1|1|0|0
210|SDSSCGB 31420|171.19750 |  -0.12225 |GGroup||||19.28|  0.000|1|0|0|1|0|0|0
211|GMBCG J171.74182-00.13201|171.74182 |  -0.13201 |GClstr|102229| 0.341000 |PHOT|     |  0.000|1|0|0|1|1|0|0
212|KDR2 J112705.3-000814|171.77200 |  -0.13700 |GClstr| 83942| 0.280000 |PHOT|     |  0.000|1|0|0|1|1|0|0
213|SDSS CE J171.792343-00.130603 |171.79250 |  -0.13056 |GClstr| 82956| 0.276711 |EST |     |  0.000|1|0|0|1|1|0|0
214|WHL J112735.1-000722|171.89624 |  -0.12282 |GClstr| 82833| 0.276300 |SPEC|     |  0.000|3|0|0|3|4|0|0
215|GMBCG J172.65901-00.09322|172.65901 |  -0.09322 |GClstr|119917| 0.400000 |PHOT|     |  0.000|1|0|0|1|1|0|0
216|SDSSCGB 27283|174.09375 |  -0.05397 |GGroup| 78246| 0.261000 |SST |17.73|  0.000|1|0|0|1|1|0|0
217|WHL J113647.0-000516|174.19566 |  -0.08781 |GClstr|176338| 0.588200 |SPEC|     |  0.000|2|0|0|2|3|0|0
218|SDSS CE J174.205460-00.109182 |174.21750 |  -0.10889 |GClstr|133108| 0.444000 |PHOT|     |  0.000|3|0|0|1|3|0|0
219|SDSSCGB 19868|174.42958 |  -0.04508 |GGroup| 29380| 0.098000 |SST |16.33|  0.000|1|0|0|1|1|0|0
220|WHL J114332.8-000409|175.88681 |  -0.06924 |GClstr| 95064| 0.317100 |PHOT|     |  0.000|2|0|0|2|2|0|0
221|SDSSCGB 68778|175.91000 |  -0.13433 |GGroup||||19.15|  0.000|1|0|0|1|0|0|0
222|SDSS CE J175.911514-00.101519 |175.91167 |  -0.10139 |GClstr| 96562| 0.322096 |EST |     |  0.000|1|0|0|1|1|0|0
223|WHL J114345.1-000546|175.93792 |  -0.09611 |GClstr|100131| 0.334000 |PHOT|     |  0.000|2|0|0|1|2|0|0
224|SDSS CE J176.718002-00.093493 |176.71792 |  -0.09361 |GClstr| 77946| 0.260000 |PHOT|     |  0.000|2|0|0|2|2|0|0
225|HSCS J115004-000234|177.51720 |  -0.04285 |GClstr|279976| 0.933900 |PHOT|     |  0.000|1|0|0|1|1|0|0
226|SDSSCGB 37389|177.55167 |  -0.07636 |GGroup||||19.45|  0.000|1|0|0|1|0|0|0
227|[JCM2017] J177.86795-00.12341 |177.86795 |  -0.12341 |GClstr| 17862| 0.059580 |SPEC|     |  0.000|1|0|0|1|1|0|0
228|SDSS CE J177.927765-00.044141 |177.92792 |  -0.04417 |GClstr| 76153| 0.254019 |EST |     |  0.000|1|0|0|1|1|0|0
229|MSPM 09160|178.10930 |  -0.11000 |GClstr| 38424| 0.128170 |MUN |     |  0.000|1|0|0|1|1|0|0
230|WHL J115241.9-000334|178.17444 |  -0.05954 |GClstr|161588| 0.539000 |SPEC|     |  0.000|2|0|0|2|3|0|0
231|WHL J115319.1-000615|178.32948 |  -0.10425 |GClstr|175768| 0.586300 |PHOT|     |  0.000|2|0|0|2|2|0|0
232|HSCS J115334-000235|178.39051 |  -0.04319 |GClstr|164676| 0.549300 |PHOT|     |  0.000|1|0|0|1|1|0|0
233|SDSS CE J178.410095-00.060132 |178.41000 |  -0.06000 |GClstr|103365| 0.344788 |EST |     |  0.000|1|0|0|1|1|0|0
234|WHL J115356.5-000620|178.48558 |  -0.10554 |GClstr| 76687| 0.255800 |SPEC|     |  0.000|2|0|0|2|3|0|0
235|MOO J1153-0002|178.48667 |  -0.04778 |GClstr|317780| 1.060000 |PHOT|     |  0.000|1|0|0|1|1|0|0
236|HSCS J115407-000519|178.52957 |  -0.08858 |GClstr|258451| 0.862100 |PHOT|     |  0.000|1|0|0|1|1|0|0
237|HSCS J115416-000739|178.56596 |  -0.12740 |GClstr| 76921| 0.256580 |SPEC|     |  0.000|1|0|0|1|2|0|0
238|WHL J115417.0-000334|178.57083 |  -0.05944 |GClstr|146479| 0.488600 |PHOT|     |  0.000|1|0|0|1|1|0|1
239|SDSS CE J178.563644-00.127006 |178.57167 |  -0.12194 |GClstr| 77102| 0.257184 |PHOT|     |  0.000|6|0|0|3|5|0|0
240|WHL J115419.0-000307|178.57895 |  -0.05189 |GClstr| 75128| 0.250600 |SPEC|     |  0.000|4|0|0|3|4|0|1
241|GMBCG J178.63643-00.12170|178.63643 |  -0.12170 |GClstr|145699| 0.486000 |PHOT|     |  0.000|1|0|0|1|1|0|0
242|WHL J115515.0-000352|178.81250 |  -0.06444 |GClstr| 87120| 0.290600 |PHOT|     |  0.000|1|0|0|1|1|0|0
243|SDSSCGB 19894|179.54958 |  -0.07422 |GGroup||||20.67|  0.000|1|0|0|1|0|0|0
244|SDSSCG 053|179.58500 |  -0.08725 |GGroup| 31718| 0.105800 |    |     |  0.000|1|0|0|1|1|0|1
245|SDSS CE J179.602798-00.069173 |179.60292 |  -0.06917 |GClstr| 32006| 0.106760 |MUN |     |  0.000|3|0|0|2|2|0|1
246|HSCS J115825-000400|179.60293 |  -0.06670 |GClstr| 76789| 0.256140 |SPEC|     |  0.000|1|0|0|1|2|0|0
247|SDSS CE J179.650726-00.100919 |179.65083 |  -0.10083 |GClstr|120372| 0.401519 |EST |     |  0.000|1|0|0|1|1|0|0
248|[BMA2003] 438|179.80900 |  -0.05300 |GClstr| 67453| 0.225000 |EST |     |  0.000|1|0|0|1|1|0|0
249|SDSSCGB 34433|179.91333 |  -0.07742 |GGroup||||19.06|  0.000|1|0|0|1|0|0|0
250|MaxBCG J180.12030-00.12358|180.12030 |  -0.12358 |GClstr| 44534| 0.148550 |PHOT|     |  0.000|2|0|0|1|1|0|0
251|SDSSCG 058|180.23700 |  -0.13270 |GGroup| 60468| 0.201700 |PHOT|     |  0.000|1|0|0|1|1|0|0
252|SDSS CE J180.238678-00.135681 |180.23875 |  -0.13556 |GClstr| 52343| 0.174596 |EST |     |  0.000|1|0|0|1|1|0|0
253|GMBCG J180.27579-00.11711|180.27600 |  -0.11710 |GClstr| 63256| 0.211000 |PHOT|     |  0.000|2|0|0|1|2|0|0
254|WHL J120119.5-000632|180.33130 |  -0.10886 |GClstr| 49427| 0.164870 |SPEC|     |  0.000|3|0|0|3|4|0|0
255|GMBCG J180.34079-00.13868|180.34079 |  -0.13867 |GClstr| 94734| 0.316000 |PHOT|     |  0.000|1|0|0|1|1|0|0
256|SDSSCGA 01720|180.34250 |  -0.10569 |GGroup| 48866| 0.163000 |SST |16.98|  0.000|2|0|0|2|2|0|0
257|HSCS J120154-000428|180.47363 |  -0.07450 |GClstr|312384| 1.042000 |PHOT|     |  0.000|1|0|0|1|1|0|0
258|SDSSCGB 01834|180.47667 |  -0.06611 |GGroup||||19.00|  0.000|1|0|0|1|0|0|0
259|HSCS J120346-000635|180.94261 |  -0.10974 |GClstr|113412| 0.378300 |PHOT|     |  0.000|1|0|0|1|1|0|0
260|SDSS CE J180.945419-00.109725 |180.94542 |  -0.10972 |GClstr|113569| 0.378827 |EST |     |  0.000|1|0|0|1|1|0|0
261|PGC1 3292163 GROUP|181.27987 |  -0.11053 |GGroup||||     |  0.000|1|0|0|1|0|0|0
262|MSPM 09137|181.37820 |  -0.10070 |GClstr| 39090| 0.130390 |MUN |     |  0.000|1|0|0|1|1|0|0
263|SDSSCGB 36195|181.38542 |  -0.12478 |GGroup| 38973| 0.130000 |SST |17.26|  0.000|1|0|0|1|1|0|0
264|HSCS J120719-000532|181.82968 |  -0.09213 |GClstr|174000| 0.580400 |PHOT|     |  0.000|1|0|0|1|1|0|0
265|SDSS CE J181.844116-00.078041 |181.83417 |  -0.08083 |GClstr|135822| 0.453052 |PHOT|     |  0.000|6|0|0|4|6|0|0
266|KDR2 J121225.4-000549|183.10600 |  -0.09700 |GClstr|107925| 0.360000 |PHOT|     |  0.000|1|0|0|1|1|0|0
267|GMBCG J183.18429-00.08157|183.18429 |  -0.08157 |GClstr|124714| 0.416000 |PHOT|     |  0.000|1|0|0|1|1|0|0
268|[EKL2017] ECO 5315|183.36200 |  -0.09660 |GGroup|  6148| 0.020509 |AVG |     |  0.000|1|0|0|1|1|0|0
269|[BMA2003] 460|183.37100 |  -0.11300 |GClstr| 88439| 0.295000 |EST |     |  0.000|1|0|0|1|1|0|0
270|[EKL2017] ECO 9110|183.51700 |  -0.06960 |GGroup|  6154| 0.020526 |AVG |     |  0.000|1|0|0|1|1|0|0
271|SDSS CE J183.535553-00.136045 |183.53500 |  -0.13028 |GClstr|122315| 0.408000 |PHOT|     |  0.000|3|0|0|1|3|0|0
272|PM2GC GR1223|183.73700 |  -0.07930 |GGroup| 22424| 0.074800 |MST |     |  0.000|2|0|0|2|2|0|0
273|SDSS CE J183.798309-00.053150 |183.79833 |  -0.05306 |GClstr| 76153| 0.254019 |EST |     |  0.000|1|0|0|1|1|0|0
274|WHL J121512.8-000311|183.80318 |  -0.05308 |GClstr| 75248| 0.251000 |SPEC|     |  0.000|2|0|0|2|3|0|0
275|WHL J121624.8-000449|184.10332 |  -0.08031 |GClstr| 82750| 0.276024 |PHOT|     |  0.000|8|0|0|5|6|0|0
276|SDSS CE J184.108459-00.086488 |184.11667 |  -0.09389 |GClstr| 87434| 0.291650 |PHOT|     |  0.000|3|0|0|1|3|0|0
277|GMBCG J184.14050-00.09089|184.14050 |  -0.09089 |GClstr|133108| 0.444000 |PHOT|     |  0.000|1|0|0|1|1|0|0
278|WHL J121649.5-000309|184.20625 |  -0.05250 |GClstr|107596| 0.358900 |PHOT|     |  0.000|1|0|0|1|1|0|0
279|Mr20:[BFW2006] 00638|184.21744 |  -0.07273 |GGroup| 21108| 0.070410 |MUN |     |  0.000|1|0|0|1|1|0|0
280|[JCM2017] J184.32265-00.04592 |184.32265 |  -0.04592 |GClstr| 22221| 0.074120 |SPEC|     |  0.000|1|0|0|1|1|0|0
281|SDSSCGB 65133|184.70000 |  -0.07075 |GGroup||||19.24|  0.000|1|0|0|1|0|0|0
282|SDSSCGB 10965|184.83292 |  -0.04525 |GGroup||||18.95|  0.000|1|0|0|1|0|0|0
283|SDSS CE J184.838364-00.044418 |184.83833 |  -0.04444 |GClstr|102229| 0.341000 |PHOT|     |  0.000|2|0|0|1|2|0|0
284|SDSSCGB 12332|184.86833 |  -0.13817 |GGroup||||18.03|  0.000|1|0|0|1|0|0|0
285|RM J121941.6-000751.9|184.92327 |  -0.13107 |GClstr|107565| 0.358798 |PHOT|     |  0.000|3|0|0|2|2|0|0
286|WHL J121941.6-000752|184.92328 |  -0.13107 |GClstr|115060| 0.383800 |PHOT|     |  0.000|2|0|0|2|2|0|0
287|SDSS CE J185.054581-00.053162 |185.05458 |  -0.05306 |GClstr| 59145| 0.197288 |EST |     |  0.000|2|0|0|1|1|0|0
288|KDR2 J122025.4-000749|185.10600 |  -0.13000 |GClstr|119917| 0.400000 |PHOT|     |  0.000|1|0|0|1|1|0|0
289|SDSS CE J185.257080-00.069171 |185.26375 |  -0.07583 |GClstr|128911| 0.430000 |PHOT|     |  0.000|3|0|0|2|3|0|0
290|KDR2 J122155.7-000802|185.48200 |  -0.13400 |GClstr|125913| 0.420000 |PHOT|     |  0.000|1|0|0|1|1|0|0
291|SDSS CE J185.536255-00.052747 |185.53625 |  -0.05333 |GClstr|109484| 0.365200 |SPEC|     |  0.000|5|0|0|3|6|0|0
292|SDSSCGB 31679|185.53625 |  -0.05197 |GGroup|109424| 0.365000 |SST |18.62|  0.000|1|0|0|1|1|0|0
293|SDSSCGB 26870|185.58583 |  -0.11731 |GGroup||||17.99|  0.000|1|0|0|1|0|0|0
294|SDSSCGB 40487|186.62083 |  -0.09147 |GGroup||||18.81|  0.000|1|0|0|1|0|0|0
295|SDSS CE J186.667618-00.135784 |186.66750 |  -0.13583 |GClstr| 76153| 0.254019 |EST |     |  0.000|1|0|0|1|1|0|0
296|SDSS CE J186.838226-00.102448 |186.83833 |  -0.10250 |GClstr|110168| 0.367481 |EST |     |  0.000|1|0|0|1|1|0|0
297|SDSSCGB 18009|186.84708 |  -0.10433 |GGroup||||20.18|  0.000|1|0|0|1|0|0|0
298|[EKL2017] ECO 3874|187.47700 |  -0.05530 |GGroup|  6816| 0.022736 |AVG |     |  0.000|1|0|0|1|1|0|0
299|PM2GC GR1128|188.32620 |  -0.06080 |GGroup| 27431| 0.091500 |MST |     |  0.000|2|0|0|2|2|0|0
300|PM2GC GR1222|189.25260 |  -0.04840 |GGroup| 27161| 0.090600 |MST |     |  0.000|2|0|0|2|2|0|0
301|SDSS CE J189.640915-00.068835 |189.64083 |  -0.06889 |GClstr|176278| 0.588000 |PUN |     |  0.000|2|0|0|2|2|0|0
302|WHL J123835.8-000716|189.64905 |  -0.12104 |GClstr|177507| 0.592100 |SPEC|     |  0.000|2|0|0|2|3|0|0
303|WHL J123907.5-000739|189.78136 |  -0.12759 |GClstr|253654| 0.846100 |SUN |     |  0.000|2|0|0|2|2|0|0
304|WHL J123913.5-000748|189.80646 |  -0.13009 |GClstr|197983| 0.660400 |PHOT|     |  0.000|1|0|0|1|1|0|0
305|PGC1 1150986 GROUP|189.97921 |  -0.13887 |GGroup||||     |  0.000|1|0|0|1|0|0|0
306|[EKL2017] ECO 0265|190.33600 |  -0.10053 |GGroup|  4673| 0.015586 |AVG |     |  0.000|1|0|0|1|1|0|0
307|SDSS CE J190.429596-00.043862 |190.42958 |  -0.04389 |GClstr| 76153| 0.254019 |EST |     |  0.000|1|0|0|1|1|0|0
308|SDSSCGB 51590|190.44708 |  -0.12486 |GGroup||||19.24|  0.000|1|0|0|1|0|0|0
309|[FAC2011] CL_0223|190.46638 |  -0.05255 |GClstr|156501| 0.522030 |AVG |     |  0.000|1|0|0|1|2|0|0
310|SDSSCGB 16546|190.52042 |  -0.09383 |GGroup||||18.16|  0.000|1|0|0|1|0|0|0
311|SDSS CE J190.522644-00.046919 |190.52250 |  -0.04694 |GClstr|110168| 0.367481 |EST |     |  0.000|1|0|0|1|1|0|0
312|SDSSCGB 52824|190.89417 |  -0.06511 |GGroup||||19.79|  0.000|1|0|0|1|0|0|0
313|SDSS CE J190.897079-00.068684 |190.89708 |  -0.06861 |GClstr|127175| 0.424211 |EST |     |  0.000|1|0|0|1|1|0|0
314|[FAC2011] CL_0181|191.16378 |  -0.08267 |GClstr|172989| 0.577030 |AVG |     |  0.000|1|0|0|1|2|0|0
315|PM2GC GR1100|191.21420 |  -0.05790 |GGroup| 14570| 0.048600 |MST |     |  0.000|2|0|0|2|2|0|0
316|SDSS-C4-DR3 1429|191.23909 |  -0.04312 |GClstr| 14690| 0.049000 |SLS |     |  0.000|3|0|0|2|2|0|0
317|SDSSCGB 46159|191.32292 |  -0.06425 |GGroup||||20.07|  0.000|1|0|0|1|0|0|0
318|NSC J124730-000507|191.87717 |  -0.09717 |GClstr| 58100| 0.193800 |PHOT|     |  0.000|5|0|0|3|3|0|0
319|WHL J124742.5-000814|191.92694 |  -0.13725 |GClstr| 26951| 0.089900 |SPEC|     |  0.000|6|0|0|5|6|0|0
320|SDSS CE J192.525604-00.101508 |192.52542 |  -0.10139 |GClstr|143031| 0.477100 |SPEC|     |  0.000|4|0|0|3|5|0|0
321|WHL J125009.1-000654|192.53792 |  -0.11500 |GClstr|134697| 0.449300 |PHOT|     |  0.000|1|0|0|1|1|0|0
322|SDSS CE J193.084106-00.117877 |193.08417 |  -0.11778 |GClstr|106766| 0.356134 |EST |     |  0.000|1|0|0|1|1|0|0
323|WHL J125227.5-000717|193.11453 |  -0.12145 |GClstr|142971| 0.476900 |SPEC|     |  0.000|2|0|0|2|3|0|0
324|SDSSCGB 43052|193.12833 |  -0.12506 |GGroup||||19.85|  0.000|1|0|0|1|0|0|0
325|SDSSCGB 73055|193.76000 |  -0.10947 |GGroup||||19.67|  0.000|1|0|0|1|0|0|0
326|SDSS CE J193.968155-00.068217 |193.96833 |  -0.06833 |GClstr|106766| 0.356134 |EST |     |  0.000|1|0|0|1|1|0|0
327|GMBCG J194.02689-00.10914|194.02689 |  -0.10914 |GClstr|135506| 0.452000 |PHOT|     |  0.000|1|0|0|1|1|0|0
328|SDSSCGB 28481|195.07167 |  -0.06617 |GGroup||||19.13|  0.000|1|0|0|1|0|0|0
329|SDSSCGB 67043|195.59000 |  -0.08161 |GGroup||||18.81|  0.000|1|0|0|1|0|0|0
330|SDSS CE J195.975494-00.127200 |195.97542 |  -0.12722 |GClstr| 86357| 0.288057 |EST |     |  0.000|1|0|0|1|1|0|0
331|SDSS CE J196.222733-00.092751 |196.22292 |  -0.09278 |GClstr| 52343| 0.174596 |EST |     |  0.000|1|0|0|1|1|0|0
332|SDSS CE J196.284714-00.043092 |196.28458 |  -0.04306 |GClstr| 52343| 0.174596 |EST |     |  0.000|1|0|0|1|1|0|0
333|WHL J130511.6-000520|196.29827 |  -0.08897 |GClstr| 51265| 0.171000 |SPEC|     |  0.000|4|0|0|3|4|0|0
334|SDSS CE J196.393234-00.075755 |196.39333 |  -0.07583 |GClstr|103365| 0.344788 |EST |     |  0.000|1|0|0|1|1|0|0
335|SDSSCGB 44002|196.39625 |  -0.08953 |GGroup||||19.70|  0.000|1|0|0|1|0|0|0
336|WHL J130635.0-000739|196.64568 |  -0.12745 |GClstr|137875| 0.459900 |PHOT|     |  0.000|2|0|0|2|2|0|0
337|SDSS CE J196.656754-00.118738 |196.65000 |  -0.12306 |GClstr|133707| 0.446000 |PHOT|     |  0.000|3|0|0|1|3|0|0
338|GMBCG J196.67762-00.07904|196.67762 |  -0.07904 |GClstr| 94435| 0.315000 |PHOT|     |  0.000|1|0|0|1|1|0|0
339|SDSSCGB 20856|197.41042 |  -0.12450 |GGroup||||19.44|  0.000|1|0|0|1|0|0|0
340|SDSS CE J197.447693-00.069565 |197.44750 |  -0.06944 |GClstr| 55744| 0.185942 |EST |     |  0.000|1|0|0|1|1|0|0
341|SDSS CE J197.463196-00.126517 |197.46333 |  -0.12639 |GClstr| 79554| 0.265365 |EST |     |  0.000|1|0|0|1|1|0|0
342|PM2GC GR1203|197.60110 |  -0.11550 |GGroup| 28420| 0.094800 |MST |     |  0.000|2|0|0|2|2|0|0
343|PM2GC GR1220|197.76810 |  -0.05730 |GGroup| 28750| 0.095900 |MST |     |  0.000|2|0|0|2|2|0|0
344|SDSSCGB 33138|198.10458 |  -0.12547 |GGroup||||19.22|  0.000|1|0|0|1|0|0|0
345|SDSSCGB 07708|198.15167 |  -0.10853 |GGroup||||17.95|  0.000|1|0|0|1|0|0|0
346|MaxBCG J198.39254-00.07232|198.39254 |  -0.07233 |GClstr| 75293| 0.251150 |PHOT|     |  0.000|2|0|0|1|1|0|0
347|SDSS CE J198.455795-00.115674 |198.45583 |  -0.11556 |GClstr| 78546| 0.262000 |PHOT|     |  0.000|2|0|0|1|2|0|0
348|WH J131423.9-000327|198.59950 |  -0.05749 |GClstr|226733| 0.756300 |SUN |     |  0.000|1|0|0|1|1|0|0
349|[B2003] 19|199.02500 |  -0.08000 |GClstr||||     |  0.000|1|0|0|1|0|0|0
350|WHL J131640.3-000740|199.16777 |  -0.12768 |GClstr| 72160| 0.240700 |SPEC|     |  0.000|2|0|0|2|3|0|0
351|SDSSCGB 47605|199.52875 |  -0.10433 |GGroup||||18.37|  0.000|1|0|0|1|0|0|0
352|WHL J131918.8-000309|199.82816 |  -0.05253 |GClstr|140872| 0.469900 |SPEC|     |  0.000|2|0|0|2|3|0|0
353|WHL J131933.1-000409|199.88792 |  -0.06917 |GClstr| 34086| 0.113700 |PHOT|     |  0.000|1|0|0|1|1|0|0
354|MSPM 07624|199.91290 |  -0.09080 |GClstr| 33001| 0.110080 |MUN |     |  0.000|1|0|0|1|1|0|0
355|WHL J132115.4-000332|200.31396 |  -0.05902 |GClstr| 65834| 0.219600 |PHOT|     |  0.000|2|0|0|2|2|0|0
356|WHL J132123.8-000754|200.34926 |  -0.13171 |GClstr| 64935| 0.216600 |PHOT|     |  0.000|2|0|0|2|2|0|0
357|SDSS CE J200.394653-00.058437 |200.39458 |  -0.05833 |GClstr| 69350| 0.231327 |EST |     |  0.000|1|0|0|1|1|0|0
358|SDSSCGB 23458|200.93833 |  -0.07325 |GGroup||||19.58|  0.000|1|0|0|1|0|0|0
359|WHL J132356.3-000705|200.98470 |  -0.11817 |GClstr| 65445| 0.218300 |SPEC|     |  0.000|2|0|0|2|3|0|0
360|PM2GC GR1150|201.10030 |  -0.05270 |GGroup| 20206| 0.067400 |MST |     |  0.000|2|0|0|2|2|0|0
361|PM2GC GR1074|201.22170 |  -0.04740 |GGroup| 24403| 0.081400 |MST |     |  0.000|2|0|0|2|2|0|0
362|PM2GC GR1208|201.24410 |  -0.10150 |GGroup| 19876| 0.066300 |MST |     |  0.000|2|0|0|2|2|0|0
363|SDSSCGA 01543|201.24542 |  -0.08411 |GGroup||||16.08|  0.000|1|0|0|1|0|0|0
364|MSPM 03278|201.25090 |  -0.10000 |GClstr| 19918| 0.066440 |MUN |     |  0.000|1|0|0|1|1|0|0
365|[EKL2017] ECO 8015|202.12000 |  -0.11110 |GGroup|  5100| 0.017012 |AVG |     |  0.000|1|0|0|1|1|0|0
366|NSCS J132834-000317|202.14167 |  -0.05472 |GClstr||||     |  0.000|1|0|0|1|0|0|0
367|WHL J132835.2-000456|202.14687 |  -0.08222 |GClstr| 54023| 0.180200 |SPEC|     |  0.000|2|0|0|2|3|0|0
368|SDSSCGB 39980|202.24125 |  -0.04264 |GGroup| 78246| 0.261000 |SST |18.07|  0.000|1|0|0|1|1|0|0
369|[FAC2011] CL_0118|202.25038 |  -0.07166 |GClstr|146652| 0.489180 |AVG |     |  0.000|1|0|0|1|2|0|0
370|[EKL2017] ECO 4749|202.26400 |  -0.04350 |GGroup|  6354| 0.021194 |AVG |     |  0.000|1|0|0|1|1|0|0
371|SDSSCGB 71287|202.44792 |  -0.05797 |GGroup||||19.42|  0.000|1|0|0|1|0|0|0
372|SDSS CE J202.504745-00.090180 |202.50458 |  -0.09028 |GClstr| 59145| 0.197288 |EST |     |  0.000|1|0|0|1|1|0|0
373|WHL J133007.8-000515|202.53226 |  -0.08914 |GClstr| 78156| 0.260700 |SPEC|     |  0.000|3|0|0|3|4|0|0
374|SDSS CE J202.705368-00.089491 |202.70542 |  -0.08944 |GClstr| 72752| 0.242673 |EST |     |  0.000|1|0|0|1|1|0|0
375|SDSSCGB 64802|203.09833 |  -0.06433 |GGroup||||19.40|  0.000|1|0|0|1|0|0|0
376|WHL J133252.3-000623|203.21793 |  -0.10635 |GClstr|193087| 0.644068 |SUN |     |  0.000|3|0|0|3|4|0|0
377|PM2GC GR1198|203.70700 |  -0.05230 |GGroup| 23444| 0.078200 |MST |     |  0.000|2|0|0|2|2|0|0
378|PM2GC GR1226|203.93780 |  -0.12540 |GGroup| 25992| 0.086700 |MST |     |  0.000|2|0|0|2|2|0|0
379|SDSS CE J204.357956-00.045665 |204.35792 |  -0.04556 |GClstr| 93161| 0.310750 |EST |     |  0.000|1|0|0|1|1|0|0
380|SDSSCGB 55815|205.02292 |  -0.07753 |GGroup||||19.58|  0.000|1|0|0|1|0|0|0
381|SDSS CE J205.136002-00.055148 |205.13583 |  -0.05528 |GClstr|110168| 0.367481 |EST |     |  0.000|1|0|0|1|1|0|0
382|GMBCG J205.15045-00.05411|205.15045 |  -0.05411 |GClstr|127712| 0.426000 |PHOT|     |  0.000|1|0|0|1|1|0|0
383|SDSSCGB 63365|205.43708 |  -0.10256 |GGroup||||19.69|  0.000|1|0|0|1|0|0|0
384|[LP96] Cl1342+0009|206.11691 |  -0.10705 |GClstr||||     |  0.000|1|0|0|1|0|0|0
385|[BMA2003] 610|206.15400 |  -0.12000 |GClstr| 86940| 0.290000 |EST |     |  0.000|1|0|0|1|1|0|0
386|GMBCG J206.16027-00.06432|206.16027 |  -0.06432 |GClstr|124414| 0.415000 |PHOT|     |  0.000|1|0|0|1|1|0|0
387|SDSS CE J206.605896-00.122474 |206.60583 |  -0.12250 |GClstr| 55744| 0.185942 |EST |     |  0.000|1|0|0|1|1|0|0
388|SDSSCGB 19503|206.71708 |  -0.11914 |GGroup||||19.23|  0.000|1|0|0|1|0|0|0
389|SDSS CE J206.839706-00.075864 |206.84583 |  -0.07917 |GClstr|146911| 0.490043 |PHOT|     |  0.000|6|0|0|4|6|0|0
390|SDSS CE J206.854080-00.112816 |206.85417 |  -0.11278 |GClstr| 99963| 0.333442 |EST |     |  0.000|1|0|0|1|1|0|0
391|WHL J134751.9-000300|206.96613 |  -0.05004 |GClstr|166295| 0.554700 |SPEC|     |  0.000|2|0|0|2|3|0|0
392|[FAC2011] CL_0011|207.26433 |  -0.12939 |GClstr|183314| 0.611470 |AVG |     |  0.000|1|0|0|1|2|0|0
393|SDSSCGB 45841|207.27708 |  -0.12433 |GGroup||||17.86|  0.000|1|0|0|1|0|0|0
394|WHL J134907.2-000710|207.28011 |  -0.11943 |GClstr| 76837| 0.256300 |SPEC|     |  0.000|2|0|0|2|3|0|0
395|SDSS CE J207.940796-00.052242 |207.94083 |  -0.05222 |GClstr| 48941| 0.163250 |EST |     |  0.000|1|0|0|1|1|0|0
396|PM2GC GR1148|208.64570 |  -0.06650 |GGroup| 24763| 0.082600 |MST |     |  0.000|2|0|0|2|2|0|0
397|WHL J135733.0-000758|209.38747 |  -0.13290 |GClstr| 50065| 0.167000 |SPEC|     |  0.000|2|0|0|2|3|0|0
398|SDSSCGB 23419|210.19708 |  -0.04203 |GGroup||||18.15|  0.000|1|0|0|1|0|0|0
399|SDSSCGB 25000|210.37833 |  -0.12156 |GGroup||||18.11|  0.000|1|0|0|1|0|0|0
400|SDSS CE J210.467667-00.079639 |210.46750 |  -0.07972 |GClstr|127175| 0.424211 |EST |     |  0.000|1|0|0|1|1|0|0
401|GMBCG J210.76435-00.07694|210.76435 |  -0.07694 |GClstr|127712| 0.426000 |PHOT|     |  0.000|1|0|0|1|1|0|0
402|WHL J140307.4-000349|210.78083 |  -0.06361 |GClstr|131009| 0.437000 |PHOT|     |  0.000|1|0|0|1|1|0|0
403|SDSS CE J211.190338-00.123439 |211.19042 |  -0.12333 |GClstr| 96562| 0.322096 |EST |     |  0.000|1|0|0|1|1|0|0
404|SDSSCGB 67896|211.34875 |  -0.11814 |GGroup||||19.64|  0.000|1|0|0|1|0|0|0
405|GMBCG J211.92264-00.06006|211.92264 |  -0.06006 |GClstr|111223| 0.371000 |PHOT|     |  0.000|1|0|0|1|1|0|0
406|SDSSCGB 67350|212.31875 |  -0.04739 |GGroup||||17.75|  0.000|1|0|0|1|0|0|0
407|2PIGG NGPGROUP 01528|212.32844 |  -0.07869 |GGroup| 16078| 0.053630 |SLS |     |  0.000|1|0|0|1|2|0|0
408|WHL J141011.7-000441|212.54875 |  -0.07806 |GClstr|141262| 0.471200 |SPEC|     |  0.000|3|0|0|3|4|0|0
409|SDSS CE J212.555725-00.055464 |212.55583 |  -0.05556 |GClstr|130577| 0.435557 |EST |     |  0.000|1|0|0|1|1|0|0
410|2PIGG NGPGROUP 01488|212.97274 |  -0.05082 |GGroup| 16183| 0.053980 |SLS |     |  0.000|1|0|0|1|2|0|0
411|GMBCG J213.06753-00.07615|213.06753 |  -0.07615 |GClstr|117519| 0.392000 |PHOT|     |  0.000|1|0|0|1|1|0|0
412|SDSS CE J213.082474-00.079149 |213.08250 |  -0.07917 |GClstr| 96562| 0.322096 |EST |     |  0.000|1|0|0|1|1|0|0
413|SDSSCGB 11917|213.57833 |  -0.11067 |GGroup| 37174| 0.124000 |SST |17.18|  0.000|1|0|0|1|1|0|0
414|WHL J141527.6-000319|213.86500 |  -0.05528 |GClstr| 46318| 0.154500 |PHOT|     |  0.000|2|0|0|1|1|0|0
415|NSC J141530-000316|213.87909 |  -0.05452 |GClstr| 37744| 0.125900 |PHOT|     |  0.000|1|0|0|1|1|0|0
416|[MOH2018] 23|213.89000 |  -0.05150 |GClstr||||     |  0.000|1|0|0|1|0|0|0
417|SDSS CE J213.904556-00.069648 |213.90458 |  -0.06972 |GClstr| 86357| 0.288057 |EST |     |  0.000|2|0|0|1|1|0|0
418|SDSSCGB 73116|214.16583 |  -0.12992 |GGroup||||19.27|  0.000|1|0|0|1|0|0|0
419|SDSS CE J214.525253-00.125420 |214.52542 |  -0.12556 |GClstr| 82956| 0.276711 |EST |     |  0.000|1|0|0|1|1|0|0
420|GMBCG J214.89711-00.11279|214.89711 |  -0.11279 |GClstr| 94435| 0.315000 |PHOT|     |  0.000|1|0|0|1|1|0|0
421|PM2GC GR1019|215.07260 |  -0.07180 |GGroup| 15949| 0.053200 |MST |     |  0.000|2|0|0|2|2|0|0
422|SDSS CE J215.114334-00.104858 |215.11667 |  -0.10944 |GClstr| 91976| 0.306800 |SPEC|     |  0.000|6|0|0|3|6|0|0
423|HSCS J142203-000402|215.51245 |  -0.06724 |GClstr|191762| 0.639650 |SPEC|     |  0.000|1|0|0|1|2|0|0
424|WHL J142248.2-000800|215.70071 |  -0.13338 |GClstr| 96953| 0.323400 |SPEC|     |  0.000|2|0|0|2|3|0|0
425|KDR2 J142309.1-000543|215.78800 |  -0.09500 |GClstr|125913| 0.420000 |PHOT|     |  0.000|1|0|0|1|1|0|0
426|KDR2 J142328.1-000501|215.86700 |  -0.08400 |GClstr| 77946| 0.260000 |PHOT|     |  0.000|1|0|0|1|1|0|0
427|SDSS CE J216.137909-00.083916 |216.13792 |  -0.08389 |GClstr| 62547| 0.208634 |EST |     |  0.000|1|0|0|1|1|0|0
428|SDSS CE J216.153458-00.119561 |216.15333 |  -0.11944 |GClstr| 99963| 0.333442 |EST |     |  0.000|1|0|0|1|1|0|0
429|GMBCG J216.21717-00.08689|216.21717 |  -0.08689 |GClstr| 99531| 0.332000 |PHOT|     |  0.000|1|0|0|1|1|0|0
430|WHL J142540.7-000713|216.41968 |  -0.12025 |GClstr|140902| 0.470000 |PHOT|     |  0.000|2|0|0|2|2|0|0
431|SDSS CE J216.432755-00.103431 |216.43292 |  -0.10333 |GClstr|113569| 0.378827 |EST |     |  0.000|1|0|0|1|1|0|0
432|WHL J142545.9-000708|216.44125 |  -0.11889 |GClstr|142222| 0.474400 |PHOT|     |  0.000|1|0|0|1|1|0|0
433|KDR2 J142546.6-000557|216.44400 |  -0.09900 |GClstr|176878| 0.590000 |PHOT|     |  0.000|1|0|0|1|1|0|0
434|SDSS CE J216.635178-00.044207 |216.63500 |  -0.04417 |GClstr|127175| 0.424211 |EST |     |  0.000|2|0|0|1|1|0|0
435|WHL J142633.4-000632|216.63912 |  -0.10900 |GClstr| 86860| 0.289733 |PHOT|     |  0.000|6|0|0|4|5|0|0
436|SDSS CE J216.649841-00.110289 |216.65000 |  -0.11028 |GClstr| 79554| 0.265365 |EST |     |  0.000|3|0|0|1|1|0|0
437|GMBCG J216.67104-00.08426|216.67104 |  -0.08426 |GClstr|116919| 0.390000 |PHOT|     |  0.000|2|0|0|1|1|0|0
438|WHL J142944.6-000540|217.43582 |  -0.09448 |GClstr|135956| 0.453500 |SPEC|     |  0.000|2|0|0|2|3|0|0
439|GMBCG J217.44254-00.05473|217.44254 |  -0.05473 |GClstr|105227| 0.351000 |PHOT|     |  0.000|1|0|0|1|1|0|0
440|SDSS CE J217.472351-00.052780 |217.46750 |  -0.05222 |GClstr|132050| 0.440470 |SPEC|     |  0.000|3|0|0|2|4|0|0
441|WHL J143112.4-000617|217.80186 |  -0.10467 |GClstr|213512| 0.712200 |SPEC|     |  0.000|2|0|0|2|3|0|0
442|[WH2015] 0918|217.80191 |  -0.10467 |GClstr|213452| 0.712000 |SPEC|     |  0.000|2|0|0|2|2|0|0
443|HSCS J143116-000558|217.81782 |  -0.09936 |GClstr|219838| 0.733300 |PHOT|     |  0.000|1|0|0|1|1|0|0
444|WHL J143215.9-000736|218.06613 |  -0.12679 |GClstr|134907| 0.450000 |SPEC|     |  0.000|2|0|0|2|3|0|0
445|SDSSCGB 70862|218.24125 |  -0.10761 |GGroup| 27881| 0.093000 |SST |16.99|  0.000|1|0|0|1|1|0|0
446|SDSSCG 137|218.36600 |  -0.11763 |GGroup| 10313| 0.034400 |    |     |  0.000|1|0|0|1|1|0|0
447|GMBCG J218.44385-00.04473|218.44385 |  -0.04473 |GClstr|112422| 0.375000 |PHOT|     |  0.000|1|0|0|1|1|0|0
448|MZ 08494|218.95470 |  -0.10348 |GGroup| 16959| 0.056569 |UUN |     |  0.000|1|0|0|1|1|0|0
449|SDSS CE J218.997833-00.116972 |218.99792 |  -0.11694 |GClstr| 41563| 0.138639 |UUN |     |  0.000|3|0|0|1|2|0|0
450|[FAC2011] CL_0054|219.08856 |  -0.07039 |GClstr|138945| 0.463470 |AVG |     |  0.000|1|0|0|1|2|0|0
451|GMBCG J219.09923-00.04222|219.09923 |  -0.04222 |GClstr| 91737| 0.306000 |PHOT|     |  0.000|1|0|0|1|1|0|0
452|HSCS J143635-000638|219.14520 |  -0.11044 |GClstr|261089| 0.870900 |PHOT|     |  0.000|1|0|0|1|1|0|0
453|SDSS CE J219.309113-00.109654 |219.30917 |  -0.10972 |GClstr| 99963| 0.333442 |EST |     |  0.000|1|0|0|1|1|0|0
454|GMBCG J219.33526-00.13264|219.33526 |  -0.13264 |GClstr|106127| 0.354000 |PHOT|     |  0.000|1|0|0|1|1|0|0
455|HSCS J143734-000255|219.39274 |  -0.04870 |GClstr|187835| 0.626550 |SPEC|     |  0.000|1|0|0|1|2|0|0
456|HSCS J143905-000501|219.76982 |  -0.08351 |GClstr|258271| 0.861500 |PHOT|     |  0.000|1|0|0|1|1|0|0
457|HSCS J143916-000817|219.81595 |  -0.13815 |GClstr|228832| 0.763300 |PHOT|     |  0.000|1|0|0|1|1|0|0
458|WHL J143945.2-000731|219.93845 |  -0.12523 |GClstr| 90705| 0.302560 |SPEC|     |  0.000|4|0|0|4|6|0|0
459|SDSS CE J219.943573-00.118581 |219.94375 |  -0.11861 |GClstr| 94063| 0.313761 |PHOT|     |  0.000|5|0|1|3|2|0|0
460|SDSSCGB 22103|220.07375 |  -0.04978 |GGroup|120217| 0.401000 |SST |19.17|  0.000|1|0|0|1|1|0|0
461|SDSSCGB 68391|220.20583 |  -0.05256 |GGroup||||19.40|  0.000|1|0|0|1|0|0|0
462|WHL J144605.1-000554|221.52118 |  -0.09839 |GClstr|180472| 0.601990 |SPEC|     |  0.000|3|0|0|3|5|0|0
463|[B2003] 26|222.32500 |  -0.11000 |GClstr||||     |  0.000|1|0|0|1|0|0|0
464|KDR2 J145103.1-000603|222.76300 |  -0.10100 |GClstr|152894| 0.510000 |PHOT|     |  0.000|1|0|0|1|1|0|0
465|HSCS J145122-000333|222.84285 |  -0.05904 |GClstr|173280| 0.578000 |PHOT|     |  0.000|1|0|0|1|1|0|0
466|HSCS J145144-000533|222.93393 |  -0.09263 |GClstr|281595| 0.939300 |PHOT|     |  0.000|1|0|0|1|1|0|0
467|SDSSCGB 10858|223.51583 |  -0.11700 |GGroup||||18.73|  0.000|1|0|0|1|0|0|0
468|SDSS CE J223.975967-00.125421 |223.97583 |  -0.12556 |GClstr|127175| 0.424211 |EST |     |  0.000|1|0|0|1|1|0|0
469|[FAC2011] CL_0007|224.04819 |  -0.05898 |GClstr|191073| 0.637350 |AVG |     |  0.000|1|0|0|1|2|0|0
470|GMBCG J224.10808-00.12178|224.10808 |  -0.12178 |GClstr|118118| 0.394000 |PHOT|     |  0.000|1|0|0|1|1|0|0
471|SDSS CE J224.131012-00.099283 |224.12917 |  -0.10139 |GClstr|118489| 0.395236 |PHOT|     |  0.000|6|0|0|3|6|0|0
472|SDSS CE J224.209579-00.115778 |224.20958 |  -0.11583 |GClstr|116971| 0.390173 |EST |     |  0.000|1|0|0|1|1|0|0
473|SDSS CE J224.287079-00.089851 |224.28708 |  -0.08972 |GClstr| 68353| 0.228000 |PHOT|     |  0.000|2|0|0|1|2|0|0
474|WHL J145718.3-000257|224.32642 |  -0.04928 |GClstr| 71171| 0.237400 |SPEC|     |  0.000|2|0|0|2|3|0|0
475|SDSS CE J224.332581-00.047437 |224.33250 |  -0.04750 |GClstr|106766| 0.356134 |EST |     |  0.000|1|0|0|1|1|0|0
476|SDSSCG 155|224.40700 |  -0.07712 |GGroup| 12591| 0.042000 |    |17.71|  0.000|2|0|0|1|1|0|0
477|WHL J145814.4-000701|224.56010 |  -0.11699 |GClstr|120966| 0.403500 |SPEC|     |  0.000|2|0|0|2|3|0|0
478|HSCS J145817-000720|224.56992 |  -0.12220 |GClstr|300272| 1.001600 |PHOT|     |  0.000|1|0|0|1|1|0|0
479|ACT-CL J1458.2-0007|224.57344 |  -0.12336 |GClstr|114970| 0.383500 |PUN |     |  0.000|1|0|0|1|1|0|0
480|HSCS J145832-000249|224.63419 |  -0.04701 |GClstr|296495| 0.989000 |PHOT|     |  0.000|1|0|0|1|1|0|0
481|HSCS J145854-000632|224.72412 |  -0.10893 |GClstr|160521| 0.535440 |SPEC|     |  0.000|1|0|0|1|2|0|0
